375 4644 2483,13 10000261750 Jonatan
234 4020 2822,52 10000976768 Debora
316 3254 3350,37 10001310763 Leonardo
208 7473 2615,24 10001358707 Angela
348 5296 2686,03 10001373765 Charles
246 3762 2638,2 10003062759 Rosane
293 4068 4292,45 10004726715 Marcio
161 8439 3874,86 10004998715 Samara
310 4627 2176,59 10005023769 Joao
464 4160 4651,51 10005315700 Joana
236 4302 2318,89 10007656793 Jorge
173 8027 4660,74 10007773757 Nair
353 3477 2345,84 10007926766 Danilo
424 6832 1566,07 10008719756 Celia
146 7706 3115,31 10008899711 Mauro
244 8688 1314,1 10009247777 Isabel
175 3883 2309,27 10009509720 Valdir
365 1436 3604,64 10010011765 Jaqueline
205 3150 3679,75 10010114734 Rodrigo
169 5841 1707,49 10010122753 Tereza
234 3662 3391,29 10010149791 Marcio
426 4825 4828,46 10010554700 Nair
312 3186 2754,78 10010653791 Israel
259 4131 3331,18 10011706791 Luana
306 2654 2927,65 10012241750 Nilson
362 2460 1977,11 10012265772 Aline
257 3040 300,32 10012273791 Michel
226 3377 2614,61 10013007777 Vitoria
176 1911 731,19 10013091700 Paulo
155 5010 252,29 10014187000 Neusa
319 1434 4272,86 10014655713 Edivaldo
386 7993 1034,34 10014767783 Marli
189 2810 3639,19 10015197794 Manuel
434 7813 4339,75 10015657701 Michele
326 7042 230,6 10015676765 Rafael
246 3935 3151,43 10016256760 Solange
272 3812 1887,4 10016511387 Jaime
316 4758 965,78 10016947835 Eduarda
167 3873 774,53 10017093732 Aparecido
252 1800 1932,1 10017197783 Joana
420 2660 2539,91 10017624797 Vitor
303 8706 1210,86 10018980791 Aparecida
198 1486 4242,08 10019242743 Claudio
299 4346 545,45 10019410719 Taina
254 6562 1665,49 10019876750 Benedito
373 6942 2443,48 10019921721 Rosangela
431 8644 514,71 10019936753 Samuel
464 7216 186,33 10019974760 Daniela
401 1398 372,22 10020395760 Paulo
355 2024 929,24 10020799772 Angelica
410 4198 4243,18 10024940798 Luis
431 4526 1930,34 10025038761 Raquel
469 2062 1940,21 10025154753 Denis
197 4095 4167,46 10025286749 Taina
265 5582 1972,31 10025413791 Mauricio
173 7256 1937,23 10025904779 Sonia
401 1605 1792,83 10026331764 Antonio
400 7005 1691,5 10027593746 Julia
249 4356 159,88 10027885798 Everton
386 3475 784,14 10028591747 Roberta
218 6354 3303,79 10029735700 Adilson
422 3805 2070,52 10029805775 Marlene
439 6679 3708,3 10029964733 Cleiton
467 8436 1644,18 10030732719 Mariana
296 5459 3494,67 10030783704 Davi
433 2341 3257,15 10031437761 Elza
465 2291 1566,57 10031472753 Denilson
234 6151 4081,61 10031809731 Tania
225 1470 3615,44 10032002734 Diego
182 1936 4472,67 10033176779 Roseli
175 3004 3565,59 10035548738 Josue
391 4314 4985,55 10035566710 Amanda
434 5137 2676,81 10036147796 Rogerio
453 5505 3888,1 10036210749 Benedita
220 7125 629,16 10037012720 Claudinei
212 6159 4342,49 10038391775 Nair
232 4738 626,81 10038418720 Tiago
321 2442 2477,75 10038693780 Geovana
470 1474 2633,22 10039797775 Orlando
155 2346 3310,23 10039923746 Veronica
283 6446 1825,89 10040006778 Domingos
350 7782 1005,88 10040710785 Terezinha
463 3381 2973,36 10040836703 Ruan
364 7007 4110,49 10041508734 Sara
343 7999 1124,79 10041546741 Bruno
147 6213 2454,55 10041573714 Raissa
456 2837 2865,2 10041760743 Eder
348 2374 372,06 10042865700 Ingrid
301 8564 3285,11 10042901790 Julio
441 4204 446,96 10043489591 Claudia
332 2313 3772,75 10043782701 Cesar
465 7414 2891,85 10044302720 Yasmin
458 7650 3499,68 10044896760 Valdir
460 1275 546,84 10044973772 Rosane
413 2269 3298,36 10046658734 Flavio
297 4696 1850,84 10046950710 Maria
422 3504 1076,22 10047115734 Rodrigo
287 3807 3339,23 10048844780 Rosilene
451 7162 236,77 10050152793 Natanael
254 5670 3444,32 10050945785 Eliana
293 3637 1403,44 10050987780 Natanael
421 5620 878,06 10051304775 Helena
250 4820 3224,33 10051916703 Josue
337 6866 1011,09 10051940760 Fatima
146 8545 3047,44 10052395766 Leandro
179 6047 959,24 10053991745 Leila
285 7224 2826,1 10054502772 Elton
415 1552 3779,21 10054618720 Lucilene
434 4247 3955,13 10055029787 Junior
327 6785 2234,3 10055465765 Elza
442 1377 972,4 10055511708 Victor
402 6048 458,88 10056269790 Teresinha
150 6539 3461,9 10056467753 Ismael
149 5853 479,7 10056832710 Pamela
472 5254 3026,42 10056972725 Rogerio
347 4004 1356,75 10057394717 Francisca
149 6642 1508,21 10057444757 Reginaldo
150 8218 3248,06 10058736743 Geralda
354 3486 4347,7 10058794786 Leonardo
479 3858 1864,86 10059178760 Rosane
206 4388 509,35 10059221798 Odair
235 6927 3419,8 10060049715 Maiara
380 5705 3789,45 10060383704 Miguel
386 5237 2108,09 10061703753 Marilia
205 4682 1867,37 10062787705 Alberto
199 3130 2675,81 10063204746 Priscila
304 3205 276,4 10063246740 David
412 3585 4149,91 10063821788 Roseli
370 4750 4291,01 10065717791 Artur
173 7897 417,31 10066860709 Simone
391 8385 2109,6 10067189741 Fabiano
435 4153 3223,57 10067687776 Fernanda
260 3430 4871,55 10068058772 Thiago
414 4887 3701,37 10068069707 Maria
177 4766 4863,35 10068420714 Arnaldo
252 5789 4381,47 10068517718 Kelly
421 2287 3863,33 10069264708 Nilton
473 5518 3068,83 10069720720 Alessandra
143 5259 987,85 10070368775 Ronaldo
361 3376 224,58 10070927774 Larissa
298 3192 3486,19 10072381787 Miguel
471 3357 2026,06 10072705787 Naiara
267 7238 4104,12 10073314706 Marco
401 7425 1394,39 10073398705 Rebeca
192 8775 2368,99 10073752720 Jailson
370 7355 4833,07 10075143704 Cristina
194 2317 639,07 10075984768 Alessandro
353 8616 3747,59 10076034704 Mara
458 7460 2111,05 10076565734 Lucas
155 3814 4519,96 10077120744 Vania
389 4722 3269,05 10077471709 Fabricio
350 1742 4022,65 10078231787 Helena
369 6149 2757,61 10078550700 Cristiano
247 5633 4219,63 10078640792 Priscila
201 8129 3535,55 10079192726 Vanderlei
392 2351 266,37 10079925731 Zilda
345 4758 2759,28 10080834701 Breno
425 2704 3357,26 10081037724 Fabiana
325 8551 2199,32 10081313772 Guilherme
270 5689 1112,73 10081321791 Elisangela
391 1630 109,15 10082050791 Bruno
233 8676 1245,58 10082520771 Cecilia
303 2955 2714,85 10082868778 Pablo
313 6413 978,07 10083340734 Cristiane
263 6830 3254,54 10083999736 Vagner
343 3803 4843,04 10084061715 Benedita
477 4337 3878,81 10084088753 Vitor
445 2452 2106,83 10084223715 Tatiana
216 5511 4076,08 10084614749 Jaime
413 4298 3000,86 10084626755 Carolina
156 2505 1290,58 10085191701 Denis
477 5846 124,4 10085606774 Benedita
225 8713 4620,1 10086164783 Igor
338 1251 4208,74 10086218700 Geralda
290 3882 474,64 10086679783 Alexandre
336 4313 3149,73 10086832727 Valeria
288 2198 824,69 10087185725 Valter
370 5815 1380,13 10087192772 Geovana
395 7659 1271,53 10087249715 Nivaldo
246 6589 4416,91 10087552736 Pamela
459 7686 214,29 10087873702 Sebastiao
442 3879 687,06 10088032787 Leila
369 8372 4759,73 10088143775 Wesley
189 4015 3534,52 10088761789 Clara
370 1628 823,55 10088849791 Cristiano
183 3688 696,52 10088991784 Zilda
260 2392 1063,6 10090177720 Ronaldo
189 7875 1076,63 10090274768 Lidiane
431 2455 4113,83 10091017734 Elias
430 2072 694,78 10091367719 Andreia
283 4118 2390,31 10092709745 Vagner
202 4079 2253,14 10093129793 Pamela
219 4734 2184,33 10093958749 Sandro
240 7621 1183,48 10094439761 Janete
179 4741 3963,91 10094513759 Joao
142 2148 3430,9 10095055720 Valeria
207 2321 4095,95 10095222723 Iago
375 3421 2618,75 10095729704 Vanessa
380 7691 1978,48 10096095725 Denis
293 1830 4470,41 10098598708 Amanda
209 6051 3004,35 10099270781 Cleber
393 2664 3372,22 10099329778 Vilma
191 5708 4213,6 10099360772 Vicente
449 7770 4578,56 10100894712 Benedita
271 1912 3881,29 10100925707 Miguel
199 2939 1278,03 10102821747 Daniela
453 8045 3950,44 10103503749 Douglas
300 6997 1303,69 10103910700 Maria
422 6588 254,07 10104399791 Kauan
214 6220 3660,23 10105970786 Simone
349 7178 3879,26 10106016792 Valter
460 6827 352,95 10108076768 Samara
163 6205 1174,29 10109227778 Mauricio
267 5038 4008,52 10109919734 Maiara
264 6621 625,11 10110106741 Marco
427 3900 1975,47 10110485742 Flavia
279 4823 406,41 10110852753 Jonatan
350 3276 1827,09 10111271720 Renata
161 1585 3874,3 10111808715 Rubens
270 6070 892,13 10112494722 Cleide
178 8261 2100,13 10113150768 Daniel
337 6939 2811,57 10113274734 Laura
255 3110 4344,16 10115002723 Daniel
478 7156 3511,99 10115030778 Bianca
424 6853 1501,77 10115408789 Weslei
353 1577 2747,42 10115838791 Joana
164 2479 2206,21 10115849726 Vitor
343 5661 4295,84 10116052791 Iara
145 8014 2461,66 10116095768 Thiago
255 3723 4649,78 10116219750 Dalva
273 7867 2391,63 10116356740 Elias
169 3485 2494,21 10116591749 Janaina
156 4868 1067,59 10117555720 Jairo
453 8007 471,24 10119739798 Zilda
201 2789 4670,3 10119949768 Ruan
427 7160 1200,79 10121498700 Lurdes
223 2072 1723,22 10122150759 Alison
168 5956 4946,55 10126486727 Marina
385 5903 3204,24 10126887713 Everton
320 6682 565,15 10127798749 Bianca
434 5442 665,32 10128022728 Sandro
189 1550 1267,3 10128190787 Beatriz
200 3066 1141,22 10128608765 Denilson
309 3968 1853,31 10128840749 Fatima
276 2131 1458,59 10128900741 Fernando
145 2793 1267,05 10129663727 Pamela
343 4813 848,64 10129979791 Edilson
358 4598 2680,56 10130381772 Debora
272 2569 722,32 10131167715 Augusto
204 5475 4618,31 10132457504 Leila
353 5001 1721,89 10132692767 Wanderson
449 1370 3636,27 10133186768 Nair
256 4632 3760,15 10133704734 Alex
172 2233 3016,79 10135356776 Roberta
359 5914 236,3 10136427758 Nelson
318 4116 804,18 10136878768 Jaqueline
468 7871 4798,76 10136940749 Nicolas
362 1792 2701,98 10138072787 Lucia
319 8284 4543,08 10138501734 Rodrigo
212 7087 3233,71 10138747733 Daniele
425 3460 3419,73 10139052704 Ailton
424 6282 883,36 10139235701 Antonia
458 3077 773,57 10139516700 Agnaldo
341 4181 4023,36 10140533745 Tainara
302 2489 2266,7 10141381752 Renato
370 8437 3704,5 10141787708 Fernanda
221 3560 4464,24 10142185787 Agnaldo
192 1567 632,39 10142311758 Sara
153 4315 719,23 10143424734 Reginaldo
291 8381 3923,12 10143687743 Lucilene
456 7735 552,82 10143752740 Italo
401 7166 1242,24 10144094703 Veronica
185 8776 710,84 10144099772 Cleber
322 7538 3657,82 10144129787 Sabrina
318 5582 2373 10144200759 Moises
444 5668 2181,1 10144915766 Roberta
448 1789 2429,8 10145767760 Claudinei
162 7785 4383,56 10145871746 Flavia
149 5602 4369,65 10146194756 Vicente
468 4897 1265,47 10146471776 Fabiana
415 5674 2993,39 10147462720 Osmar
413 2379 1692 10147748704 Teresinha
226 2961 3359,4 10148388787 Samuel
310 6571 4624,81 10148515720 Iraci
385 6442 278,46 10150130740 Renato
427 6588 2844,22 10151387729 Sara
350 6446 326,48 10152210768 Julio
282 5507 2050,94 10153990708 Franciele
466 4361 580,79 10154894788 Emanuel
355 7446 1018,76 10156178753 Francisca
282 2241 4948,65 10156486733 Jailson
267 8692 2675,65 10156700751 Fabiana
198 5345 2861,34 10157482790 Cicero
216 6226 2895,5 10160256100 Rosane
409 4188 4522,38 10160418704 Vicente
292 3447 3838,32 10160924740 Giovana
286 4233 4276,46 10161562787 Marcelo
223 1603 3359,43 10161686753 Isabela
248 2656 798,82 10162302738 Wellington
142 5971 3221,97 10164392882 Terezinha
333 5352 895,6 10166550701 Jair
212 6032 3160,89 10167584723 Marisa
342 2835 3990,32 10168297795 Helio
233 5534 2658,79 10168411750 Selma
328 7739 4833,26 10168477777 Pedro
146 3354 4260,08 10168512785 Vilma
460 4839 2638,34 10169835731 Alessandro
274 5230 1623,51 10171629728 Sueli
288 3464 379,86 10175354774 Felipe
391 6015 4334,68 10176983767 Eva
326 8071 1946,29 10178776700 Geraldo
361 1561 1954,39 10184118794 Isadora
373 7315 4773,26 10184608708 Edson
417 2607 1063,29 10184967775 Aline
259 2803 4248,44 10185082793 Michael
348 3798 3504,71 10186695748 Tania
365 2319 4142,46 10186833725 Jonatan
296 2586 3781,34 10187666776 Sandra
474 2307 3606,42 10187792801 Otavio
321 5739 3150,21 10188971785 Renata
303 2097 4417,72 10189917784 Edivaldo
421 3150 1298,98 10190856491 Margarida
372 3567 2415,58 10193689774 Ailton
441 3648 1681,54 10194150100 Milena
443 5978 1113,02 10195266706 Thiago
382 5262 3783,69 10196228735 Poliana
156 3307 1048,53 10196271746 Felipe
444 3285 1401,29 10197887716 Aparecida
262 7177 693,45 10198772785 Paulo
252 2227 1075,14 10200139746 Lilian
170 4084 462,79 10201042797 Michel
229 8050 3505,42 10201179741 Adriana
343 6049 1003,33 10201277751 Carlos
178 5484 2640,14 10201434792 Vilma
414 1507 1541,18 10202023788 Severino
436 7016 3163,91 10203699149 Valeria
230 4249 160,94 10203795709 Osmar
303 7485 1838,13 10204155762 Carolina
473 3058 4386,75 10205227716 Danilo
194 1473 151,3 10206327714 Sonia
301 8024 2492,79 10206698704 Jorge
179 5420 3016,25 10209333723 Iracema
404 2248 187,02 10209728744 Odair
437 6974 268,74 10209952709 Yasmin
406 2965 2503,31 10210918713 Michel
208 8341 3949,29 10211244783 Natalia
245 2277 2777,69 10211257761 Alessandro
420 1391 1350,65 10212660780 Benedita
234 2117 3512,39 10213007720 Agnaldo
140 1397 1892,6 10213591731 Daniele
367 4684 2176,3 10215964772 Guilherme
325 5311 1558,24 10216745837 Alexandra
222 3870 401,91 10216790700 Iago
405 6731 586,93 10217010768 Luiza
198 3132 3331,34 10217185720 Manuel
289 8392 613,15 10218786778 Geralda
195 5998 2465,37 10219080704 Igor
155 8360 4669,9 10219094756 Jaqueline
279 6530 3989,48 10220066736 Denilson
362 7675 3378,43 10220334765 Sandra
367 7855 1762,01 10220823707 Otavio
186 4708 344,28 10222191708 Luana
165 4953 3449,25 10222790768 Edilson
159 5849 2099,9 10223993735 Sandra
386 5373 1893,98 10224143727 Valdemir
479 1673 3916,66 10224190725 Aparecida
185 2379 104,4 10224327704 Kauan
208 5502 3888,8 10224432753 Lais
449 1235 987,13 10224904787 Victor
328 8575 1133,63 10224980700 Pamela
441 8641 1313,05 10225129787 Felipe
308 5569 4430,84 10225144743 Cleonice
361 1404 3181,53 10225186748 Joao
191 6533 3685,92 10225341735 Nicole
312 4316 3013,56 10228390710 Valdemar
231 3101 4779,85 10229917798 Pamela
346 7200 3832,29 10231978715 Bruno
169 5866 2751,03 10232067732 Milena
173 3672 1080,81 10233049703 Evandro
401 3220 4552,63 10233997768 Rita
417 4229 901,15 10234253789 Edvaldo
143 1957 3969,04 10234620790 Iraci
271 6444 3966,15 10236335740 Pedro
250 6519 479,41 10236415778 Celia
438 3735 3748,02 10236591746 Felipe
351 1534 2722,87 10236987739 Rosangela
295 2283 288,32 10237097753 Valdecir
249 1438 1579,42 10237216868 Angelica
200 5241 4480,26 10237343703 Erick
146 2582 2567,2 10237379732 Elizabete
190 1899 2504,81 10237453720 Mauro
379 7101 249,71 10239833708 Priscila
467 8256 4251,39 10240241720 Wellington
442 2418 4071,47 10240454553 Ester
167 8360 2384,06 10240500768 Adriano
453 2075 859,32 10240745795 Liliane
274 3949 585,57 10241021731 Samuel
183 8079 3336,33 10241360781 Ana
357 1852 3453,28 10242136761 Rogerio
289 6882 4938,89 10242457134 Francisca
372 7738 3831,82 10242486746 Mateus
437 1644 4494,64 10242527876 Naiara
405 2821 1724,46 10242961720 Antonio
178 7826 793,11 10244330727 Marlene
256 2327 3136,49 10244484791 Domingos
360 7284 3276,33 10244620725 Josiane
197 7259 996,76 10245549706 Vinicius
396 8290 948,81 10245626700 Jaqueline
142 7141 749,08 10246205733 Odair
356 3525 1089,61 10246373792 Vitoria
163 4034 1468,4 10247068772 Renato
210 7267 1787,66 10247432768 Valeria
439 3302 4216,91 10247670782 Matheus
353 1759 346,93 10247835706 Vera
313 3956 1806,76 10250990792 Pedro
246 8631 4791,35 10251774791 Daniele
426 2512 2702,18 10251921760 Arlindo
478 2522 3284,89 10251942767 Rosangela
342 1485 309,39 10251962792 Orlando
185 6642 346,08 10252282787 Terezinha
370 4047 2196,93 10252673700 Vanderlei
396 8375 4788,15 10252711734 Flavia
246 6016 219,95 10252851749 Denilson
393 3865 984,45 10253238749 Vilma
169 6369 759,97 10253432715 Alexandre
147 5200 1162,28 10253572720 Katia
434 3643 371,9 10253707757 Jose
174 8219 275,91 10254013791 Angela
164 7872 3768,11 10254589740 Denilson
445 5199 2045,69 10254730787 Vera
178 6163 2613,87 10255281749 Arthur
175 1476 4918,43 10255289723 Sueli
198 4513 1342,01 10255293755 Fabricio
428 7817 3010,57 10256180768 Brenda
390 3450 1175,03 10256410780 Helio
302 2756 3807,37 10258278722 Fatima
334 6922 1735,05 10258655704 Arlindo
219 1526 978,94 10259031704 Lilian
340 4326 1210,36 10259199710 Joao
365 1311 4525,5 10259538787 Cristina
261 4393 3179,16 10260551724 Damiao
140 7798 3549,44 10260846791 Luzia
249 2742 2771,5 10261122738 Yuri
241 4263 4282,47 10261602780 Ester
258 1536 3274,59 10262016753 Sandro
182 3637 2677,31 10263112764 Nicole
152 3732 2896,35 10263133761 Douglas
372 1742 4302,71 10263274748 Lucia
457 2998 617,67 10263936716 Diego
178 5743 2949,72 10264078772 Selma
289 4549 1388,25 10264137701 Cleiton
319 3570 2687,18 10264167791 Beatriz
377 2941 3764,83 10265188733 Breno
291 7510 1940,9 10266730701 Kelly
423 5463 3425,4 10267867700 Paulo
465 2574 2433,11 10268186723 Sheila
355 8702 467,85 10268244782 Leonardo
267 4043 4301,83 10268917795 Elaine
371 8391 4033,71 10270280715 Marcos
349 7129 3858,68 10270680730 Severina
467 4487 4099 10270906720 Cristiano
303 8479 1993,28 10272232734 Cleide
283 1987 3099,03 10272440760 Ruan
331 6269 2673,49 10273558706 Daniele
276 6808 574,61 10273559788 Augusto
362 3109 4920,47 10274185709 Nair
355 5246 3018,05 10274338718 Cicero
382 2822 2613,55 10275120708 Regina
381 6557 689,64 10275860744 Jairo
176 5474 4325,86 10276084772 Angela
414 7868 1723,34 10276273745 Moacir
277 7642 128,18 10276323785 Joice
347 2013 4541,29 10276463790 Nilson
380 8213 1325,2 10276942760 Luiza
261 6636 4706,76 10277300789 Nelson
462 6085 3522,39 10277841780 Isabel
385 5558 4241,51 10278435734 Evandro
230 2642 129,81 10278605753 Julia
296 8163 3602,91 10278744796 Jonas
409 6895 4850,21 10279482787 Luana
467 2638 4780,88 10281401772 Augusto
414 7426 2415,25 10281541787 Jaqueline
265 2566 3514,05 10282118721 Arlindo
298 5615 4953,08 10282580700 Edna
444 4365 4758,35 10283132760 Adriano
405 5985 808,03 10283811749 Leticia
283 5868 3397,81 10284825743 Adilson
300 6246 2507,99 10285055747 Sebastiana
371 7949 3916,95 10285232703 Diego
183 6043 3400,54 10286420759 Severina
428 6035 3059,19 10286640791 Jonas
396 8064 4343,72 10286659700 Benedita
229 6478 237,27 10286911736 Cristian
347 8215 1299,5 10287823733 Benedita
245 3046 4898,61 10288357795 Thiago
169 8654 1525,84 10290308712 Tamires
141 1872 1808,64 10290479797 Jaime
215 3845 2152,78 10290662800 Viviane
441 3667 401,35 10290768713 Luiz
419 3719 4108,43 10291403751 Beatriz
286 3419 3606,48 10291463738 Sergio
358 3632 3803,82 10292071191 Lucilene
379 7184 1767,81 10293123705 Anderson
237 1703 2099,35 10295357797 Leila
254 1380 2090,89 10295534168 Claudio
335 7955 2714,6 10296210714 Leticia
259 1352 3555,55 10296554723 Maicon
394 8585 1988,26 10297013777 Isabela
305 2768 4311,57 10297820672 Maicon
278 7834 4127,57 10298276720 Marta
461 6507 1348,28 10299492710 Aparecido
203 4547 3388,7 10299655792 Geovana
452 6033 2965,64 10300656750 Henrique
471 6922 3216,38 10300717725 Bruna
182 2135 3523,62 10302302778 Cleiton
179 4585 1991,54 10303789751 Raiane
467 4680 1587,73 10303832789 Arlindo
320 4582 1374,03 10305338730 Marlene
232 5142 2143,41 10306164779 Igor
249 5161 1638,28 10308426711 Tamires
225 1324 4092,48 10309021782 Adriano
140 1908 1635,34 10310246709 Flavia
290 2354 1083,57 10310520703 Julio
140 4804 3698,11 10311739784 Kelly
363 4945 4875,01 10313127735 Nicolas
329 6783 3342,87 10314283722 Aline
372 5080 1801,07 10314350772 Elton
220 8423 4076,14 10314433716 Gisele
394 4042 3351,41 10316949787 Marlon
187 2521 1937,14 10317023691 Edna
148 1597 3317,52 10317767704 Wanderson
449 2034 4247,59 10318183757 Jaqueline
204 5291 762,76 10318315769 Sidnei
315 3868 3933,85 10318747715 Celia
244 1399 3181,78 10318917734 Valdemar
384 7919 4708,78 10319086763 Cleide
436 6727 845,99 10319212734 Murilo
355 5203 2858,02 10320008720 Erica
168 5458 1825,14 10320362736 Caua
197 8315 4256,24 10320627705 Liliane
217 6675 3558,88 10320970787 Pedro
147 7803 3946,95 10321098749 Antonia
405 4917 3335,38 10321101472 Claudinei
240 4955 2815,25 10321651707 Rosane
302 4643 2110,3 10321957709 Claudio
157 3202 2362,31 10322191734 Marina
258 3434 2034,35 10322565758 Arthur
406 4071 385,4 10322841704 Tereza
384 4273 1645,29 10323376720 Caio
430 6558 3583,78 10323921779 Naiara
422 6912 4757,54 10324810725 Osvaldo
471 3959 4715,61 10324867751 Vera
227 7920 3449,79 10325607702 Wellington
381 6820 3355,39 10325801789 Cristina
270 4809 529,55 10327390700 Alex
394 7742 2735,34 10328360759 Marilene
472 5462 2557,66 10328432768 Jonatan
242 7309 918,14 10328992712 Larissa
393 2456 3571,91 10330051776 Nelson
155 6828 2958,06 10330853759 Luciana
238 1737 1807,28 10332030768 Joao
152 8661 1912,52 10332512754 Marinalva
400 7788 780,79 10333450752 Gerson
211 6675 3821,3 10333509749 Daniela
179 5942 1861,22 10333597770 Diego
268 3707 3961,01 10334700744 Janete
331 1608 3131,46 10334705703 Denilson
382 2297 3371,02 10335936725 Aparecida
422 2077 2738,18 10336108796 Elton
285 1826 3400,99 10336419791 Elizabete
309 1925 3024,34 10336761791 Fabiano
261 3833 3516,05 10336923791 Isabela
383 5285 1431,57 10337717753 Rian
439 6275 2810,52 10337983712 Marcia
439 5026 2001,27 10338156755 Rogerio
189 5319 4310,43 10338993720 Cicera
478 6869 4093,12 10339108720 Renan
439 7972 4776,71 10339787791 Marlene
478 7170 2102,51 10340077778 Renato
369 4746 3614,5 10340252790 Gabriela
240 8671 3197 10341321729 Arlindo
248 5991 690,37 10341531707 Clara
450 3210 725,2 10342729772 Willian
182 7233 4031,4 10342928708 Marli
338 8148 1063,84 10343401746 Claudio
408 2181 3946,31 10343537729 Franciele
411 3009 2510,6 10343733749 Cristiano
477 6162 1248,07 10343873753 Eduarda
266 3662 153,43 10344853772 Rafael
377 4949 1916,23 10345191749 Edna
172 2582 4819,99 10349258732 Rafael
393 3796 4175,14 10350017727 Teresinha
237 6450 3126,42 10350433780 Natanael
214 6381 3911,06 10351271724 Franciele
158 8503 3691,3 10351434704 Diego
468 8012 283,48 10352094702 Eliane
274 7121 4114,43 10352309768 Ruan
237 4169 971,3 10352560703 Vera
419 4440 4818,06 10354560794 Ricardo
439 5031 1386,76 10354966740 Andreia
305 1862 4354,42 10355111772 Valmir
386 8041 663,49 10356614700 Celia
184 3650 2644,03 10358170710 Murilo
230 4863 3624,61 10358217709 Roseli
355 7046 4238,18 10361650787 Gilmar
206 7168 1939,72 10362259763 Daniele
239 6362 2880,11 10362754772 Marcelo
276 4981 147,83 10362851700 Janaina
439 4119 840,65 10363289704 Ailton
406 8606 4684,76 10363367780 Ivonete
274 5684 4872,98 10366403702 Marlon
466 1422 3859,49 10368687708 Ester
212 5978 3849,02 10369364732 Odair
386 6646 3638,7 10369450736 Iracema
236 4605 3270,36 10369677781 Alison
259 4559 556,24 10371604796 Vitoria
140 2343 627,16 10373808780 Henrique
342 8362 4511,18 10373834780 Franciele
200 6880 2892,54 10375047719 Marcos
283 5626 2427,16 10375544771 Tania
277 7737 4162,43 10376373725 Mauro
298 2640 3559,03 10376881712 Carolina
389 5878 1979,97 10377719749 Maicon
371 1496 3801,57 10378812734 Lilian
273 4485 3849,37 10379197774 Vagner
333 2104 2114,32 10379335751 Geovana
221 4260 1647,83 10379584700 Italo
316 3368 612,59 10379959704 Cintia
373 3660 2054,89 10380648725 Douglas
286 4634 2612,41 10383336791 Beatriz
265 7138 980,16 10384267742 Matheus
398 5580 4842,21 10385895763 Andrea
239 1753 1720,31 10386148724 Jairo
194 2323 1587,5 10386164762 Clara
337 4531 4314,23 10386653704 Alessandro
217 4292 2368,53 10386980730 Raimunda
144 7375 335,53 10387650725 Wilson
450 7446 2704,55 10388375701 Elizabete
142 2606 1134,35 10388901799 Emerson
220 2045 2601,29 10392068753 Taina
476 3082 141,79 10392108720 Flavio
410 1762 471,39 10392220725 Angela
433 6697 454,06 10392998734 Cleiton
229 1886 1247,97 10393318745 Ivone
346 6636 2558,91 10393323749 Joel
360 8485 690,23 10393667758 Priscila
383 3951 2351,07 10393730700 Gilmar
317 7767 1782,28 10395741734 Dalva
420 8135 4725,75 10396189792 Alessandro
265 2272 2557,3 10397170718 Iraci
170 7368 3726,63 10397264704 Cesar
391 6699 4615,46 10397392702 Lorena
476 5311 1387,41 10398446776 Moises
439 5035 846,24 10398709700 Neuza
285 6200 2732,36 10405558708 Andre
142 4957 3385,28 10406425787 Isabel
394 6790 4422,77 10407778721 Vinicius
254 7661 3637,54 10409687758 Rita
262 7059 532,53 10410386740 Marcos
176 1885 447,21 10411801368 Ana
470 6602 4422,69 10411969706 Antonio
353 7830 4232,6 10413401685 Lara
192 8262 1106,26 10413918700 Fabio
456 2329 1770,06 10414258720 Raimunda
322 4967 1454,83 10414718747 Miguel
241 4546 4577,43 10415257700 Livia
473 3861 2129,04 10416555764 Hugo
422 7652 4064,96 10416644864 Adriana
198 4392 2413,72 10417142706 Edmilson
304 7492 2515,95 10418478740 Larissa
194 7341 3551,19 10418704775 Edmilson
448 5927 2882,76 10419060723 Lara
153 4702 2981,52 10419486704 Arlindo
328 7689 1369,84 10420009728 Karina
245 2395 4575,94 10422460761 Vagner
304 8623 2376,87 10423316770 Luciane
419 4817 4938,7 10423966715 Nilson
382 1491 711,33 10424679787 Denise
231 1455 1584,6 10425855716 Joaquim
326 6579 2211,58 10426957253 Kelly
175 4849 4957,2 10428968287 Joaquim
407 1632 834,67 10430060793 Katia
344 3634 4434,93 10430467710 Kauan
174 2333 3859,7 10431514780 Luana
223 2346 4629,51 10434014745 Valdecir
406 7861 1609,46 10434254703 Cristiane
176 5089 342,72 10434504750 Nicolas
325 1306 3437,11 10437645770 Eduarda
303 1722 4778,99 10438358732 Wilian
332 1539 318,72 10439660726 Elisangela
326 1894 3883 10441468420 Diego
423 8391 1343,04 10441644767 Marta
350 6628 789,77 10444415777 Joel
405 6991 2425,51 10445089733 Marli
259 4013 4965,57 10445693878 Roberto
356 8550 2575,73 10445781734 Aparecida
158 5661 1886,52 10447901729 Nilson
360 2565 3325,35 10448396785 Neide
412 1320 4241,99 10448505746 Gustavo
336 1481 4063,25 10450108716 Rosane
442 6134 1052,32 10452552702 Antonio
364 6061 4978,2 10452661757 Luciene
454 7379 3370,86 10453251714 Luan
175 5667 3186,28 10453849687 Geovana
240 6691 3641,26 10454639732 Moacir
236 3888 3584,59 10455927731 Viviane
464 6383 1358,13 10455959773 Cristian
202 1986 1978,05 10456019774 Luzia
246 6098 4822,72 10456391762 Ricardo
158 1328 2232,99 10456517707 Elza
276 3515 1875,04 10458802727 Marcio
260 4879 3530,15 10458882739 Maiara
312 7036 172,27 10459693700 Nivaldo
387 3889 669,15 10459854739 Luana
425 4954 4173,35 10460664719 Nelson
167 2103 290,2 10460820788 Daniele
188 7487 3469,39 10461516730 Juliano
286 7048 1275,95 10462262740 Karina
419 7505 1753,17 10462276708 Pablo
344 2479 4161,63 10462415759 Marlene
163 1407 4835,36 10465065449 Osmar
478 5233 1292,24 10465245773 Iracema
271 3325 1200,03 10466075707 Reginaldo
216 7780 1608,36 10466082746 Larissa
266 8403 1762,26 10466280700 Osvaldo
179 4767 3399,77 10466603738 Sabrina
293 7656 1222,55 10467167788 Pedro
165 6646 2627,75 10469008709 Marli
319 8078 488,19 10469610719 Elton
434 5585 3960,62 10469800330 Francisca
360 6084 4394,11 10472323750 Emanuel
223 1813 4627,54 10472360876 Brenda
188 4245 1051,77 10472444204 Sergio
453 6938 4442,71 10475115767 Regina
448 6105 762,36 10475425790 Nilton
339 8125 1209,81 10478179774 Ines
248 3900 2559,75 10479424705 Osmar
455 4875 2738,97 10479584818 Marcia
217 4860 4144,53 10480059764 Emerson
331 3792 3262,62 10480442703 Flavia
331 7917 4079,79 10481617736 Cristian
331 8382 4004,32 10481712720 Rafaela
161 8109 4744,43 10481804765 Alexandre
428 2681 511,66 10481898727 Nilza
151 3602 3903,28 10483628760 Erick
251 1949 948,45 10483823708 Vitoria
152 1669 4158,47 10486720772 Daniel
186 7045 2167,47 10486725731 Debora
403 6097 3191,1 10487714741 Rogerio
165 8546 300,35 10488801761 Irene
158 5350 2747,71 10488977703 Adao
467 3277 2070,64 10489068766 Isabel
429 5997 2389,68 10489859704 Italo
240 2110 3630,52 10490616755 Roberta
319 3998 2573,92 10491109784 Angelo
265 8168 4056,45 10492964785 Lidiane
316 5288 128,15 10495534706 Flavio
256 7073 3043,63 10495787752 Adriana
188 8364 1308,29 10496077759 Rogerio
369 8508 855,32 10496227742 Joana
297 8016 4983,53 10496996703 Valmir
192 5510 3872,81 10497791773 Gabriele
351 5948 3194,61 10498209750 Edvaldo
176 2827 4343,31 10499874706 Lucilene
252 1351 3321,92 10500146772 Agnaldo
442 4344 3257,67 10500219753 Edna
432 6553 2960,44 10501622772 Cristiano
383 7378 3367,04 10501749764 Patricia
374 5155 362,14 10501886753 Paulo
194 4852 3012,24 10502190744 Luciene
182 2048 3651,79 10503112720 Augusto
172 6212 2334,81 10504222791 Raimunda
410 1359 3530,61 10505226723 Luan
451 2577 4367,69 10505415704 Tais
464 5690 2901,87 10505423715 Fabio
150 7597 2694,39 10506019713 Marilia
297 6080 3448,44 10506159728 Josue
300 4851 514,4 10506616720 Lara
148 5080 899,24 10506714730 Renato
206 6324 3485,23 10507116704 Talita
206 7833 2400,51 10507179706 Marcos
407 1915 1705,09 10507370759 Cleonice
469 2481 4375,75 10507832710 Vinicius
376 8513 3245,08 10508627753 Eduarda
232 4329 1763,31 10509062768 Geovane
159 6517 4574,84 10510051758 Antonia
250 3188 4501,04 10510516734 Rodrigo
350 2403 185,39 10510538703 Iara
279 6646 3766,86 10510699715 Sandro
314 4064 1287,85 10510818234 Cristina
336 7337 1338,4 10510963757 Milton
150 4611 322,37 10511016700 Paula
272 6959 1801,71 10511075200 Alexandre
444 7869 4526,5 10511741715 Severina
372 8176 3131,93 10512284768 Alessandro
216 1420 1842,61 10512314772 Dalva
478 2737 3699,6 10512691720 Alberto
396 6556 2459,98 10512879796 Cintia
359 3968 3301 10513164723 Moises
423 5008 1423,54 10514195738 Katia
426 1681 897,5 10514198753 Diogo
248 2791 2748,29 10515499730 Neuza
291 5332 2236,36 10516868730 Fabricio
382 7017 1209,03 10517022753 Teresinha
150 6144 3652,61 10517073749 Edilson
220 4582 1147,59 10517146568 Lidia
344 7057 1339,42 10517391368 Luis
318 5414 2282,7 10517405768 Janete
458 4160 4777,98 10517570700 Danilo
269 6774 3883,25 10518205703 Sara
443 7704 425,12 10518337790 Manoel
258 7526 4907,1 10518409708 Terezinha
440 1840 4070,86 10518835715 Marcos
368 4737 660,14 10519190700 Helena
176 7566 3223,3 10519328744 Sandro
241 3121 1456,21 10519629787 Veronica
337 5465 1869,35 10519874749 Severino
170 7164 4198,72 10521720753 Camila
146 2629 4832,11 10522280706 Antonio
460 3021 3809,91 10523510772 Rosilene
367 6569 1674,54 10523625758 Ismael
338 8277 696,58 10523931794 Nicole
318 1653 1247,2 10524584591 Paulo
475 1985 4542,08 10524928789 Cristiane
196 1905 1150,88 10525224750 Arthur
203 8461 2320,3 10525993703 Sebastiana
210 2314 517,21 10526284781 Reginaldo
371 1503 4684,42 10527100773 Marli
164 2902 4381,15 10527222704 Sidnei
245 5269 2030,12 10527842753 Rosilene
318 6737 3512,85 10529098768 Marlon
466 7396 754,02 10529317745 Alessandra
399 3590 2446,54 10530842777 Vinicios
389 7962 3180,86 10531149749 Claudia
196 3097 4109,55 10532564774 Everton
312 8538 4932,1 10533293774 Marlene
473 3892 2292,49 10535608772 Gilberto
169 5885 4716,38 10536363773 Irene
443 3711 2315,79 10536547823 Denis
364 1946 3700,43 10537184708 Caroline
277 4735 2152,35 10539915769 Pablo
402 3784 4705,02 10540354740 Alessandra
248 8407 3674,16 10540357766 Victor
180 3785 1335,83 10542299704 Ana
418 7615 2597,85 10543644782 Valmir
352 2040 2379,02 10544021754 Bruna
177 7237 1728,72 10546984738 Moises
178 3997 955,44 10547428049 Mirian
192 5745 474,79 10548337705 Celso
459 3811 1949,86 10548997705 Solange
461 4223 3919,75 10549099700 Emerson
140 2527 4725,25 10549219706 Carolina
469 4478 1102,29 10549612718 Wagner
373 6037 2119,03 10549778799 Solange
278 3165 4440,14 10550025707 Alan
431 2443 4341,6 10550913785 Fernanda
150 4634 3050,95 10551121700 Raimundo
374 2177 1417,23 10551811722 Luciane
314 2949 3667,17 10552141780 Joaquim
221 2479 782,06 10552383287 Livia
435 2692 2475,91 10552731749 Mauro
356 7649 3767,2 10553517791 Vitoria
300 6595 1003,94 10553789791 Elton
472 2160 1778,34 10554330741 Veronica
305 8086 4067,92 10555633772 Cleber
339 4557 917,95 10556923715 Helena
450 5015 1556,32 10557490715 Celso
313 7776 287,86 10558043747 Elizabete
367 8294 2701,86 10558160700 Nelson
406 6080 1992,88 10558400795 Marli
311 2890 4712,31 10558438768 Adilson
392 6258 4838,62 10558630790 Clara
447 5992 4689,98 10559433743 Ivan
264 2863 1943,76 10560843755 Sebastiana
369 4768 1752,82 10561436738 Moises
474 3504 2508,08 10562710787 Josiane
305 7424 1021,58 10563270730 Ivan
329 5076 1196,21 10563744707 Teresa
353 5339 3339,29 10565243756 Guilherme
452 5755 3546,56 10565370782 Paula
281 4937 3093,94 10565469720 Edvaldo
186 6995 890,45 10565639749 Erica
386 4609 177,01 10565808796 Robson
452 8379 3491,85 10568900707 Teresinha
335 6981 3935,81 10569399742 Vinicius
283 6154 1690,81 10569715768 Sandra
271 4869 3982,09 10570268753 Jean
283 3311 1632,35 10570838797 Priscila
208 5261 1815,49 10571159753 Joao
433 2188 3886,78 10571761763 Tainara
312 2970 4524,71 10574873767 Denis
224 6014 2653,55 10575073772 Cintia
211 4080 1000,92 10575083735 Eder
440 2620 2292,57 10576689742 Maiara
218 4673 3658,56 10577573730 Ricardo
474 6617 2853,49 10578592738 Iara
433 2981 3341,89 10579923720 Artur
411 8434 941,7 10581022734 Sara
414 3549 3798,8 10583041787 Ademir
179 8340 1051,8 10583071775 Raiane
421 7740 2139,46 10584049706 Valmir
292 3179 1257,95 10584200706 Beatriz
189 2016 636 10584757700 Hugo
410 5587 3125,97 10585746710 Rafaela
370 3266 4590,56 10586830715 Alessandro
141 8184 966,41 10588890790 Vilma
216 5034 1517,51 10589295772 Arnaldo
167 5750 4449,96 10589879766 Conceicao
475 4439 3615,69 10590000756 Mateus
224 6786 2739,28 10590169742 Angela
446 7330 545,76 10590439715 Wellington
289 3233 3203,42 10590722700 Neide
276 4214 4054,41 10592091791 Wanderson
140 6114 672,14 10593154754 Solange
427 5178 1806,42 10594766737 Denis
421 3646 827,77 10595487718 Renata
383 2555 652,91 10595539700 Osmar
349 5793 2514,33 10596305591 Eliana
199 5105 1775,63 10596607768 Murilo
173 8144 2356,84 10597570795 Fabiana
158 3609 2848,3 10598329765 Felipe
413 8032 1858,52 10599072750 Ines
401 7426 2967,33 10599448717 Bruno
404 6221 2807,72 10599565861 Jenifer
236 1210 2406,95 10600164780 Renato
244 3151 2432,35 10600936775 Marcela
140 5645 2944,49 10601515706 Eder
412 2051 2792,95 10601516770 Simone
169 8608 853,61 10602144744 Wilson
174 1590 1730,65 10602848717 Elizabete
390 3962 528,79 10603134726 Joao
176 8248 4474,56 10605056730 Andreia
176 7887 4405,96 10605525749 Agnaldo
259 5557 3718,06 10606327800 Marilene
377 4564 3695,28 10608374717 Celio
170 5274 2403,41 10608846740 Carolina
246 8768 1636,2 10609949764 David
160 3310 4248,37 10610006568 Poliana
355 6417 2787,94 10610776754 Agnaldo
299 2426 1293,58 10610837729 Roberta
180 5563 307,05 10612059758 Guilherme
416 4661 2860,45 10612185702 Andressa
387 4718 1619,08 10615712703 Cristiano
264 4129 1991,52 10617710244 Tatiana
330 8531 3292,99 10618495703 Fabio
275 1721 912,28 10618720766 Mariana
449 1581 2887,9 10620035781 Israel
442 3211 415,88 10621640751 Selma
224 4058 1931,11 10621701726 Wilian
334 7417 139,87 10622059793 Teresa
181 3864 3763,79 10622157701 Jose
417 6895 2146,31 10622847716 Ingrid
325 4454 4670,92 10622932748 Edson
330 7392 1838,85 10624544800 Sabrina
285 8234 1979,6 10625468732 Jose
428 6565 4645,5 10625699700 Teresa
244 4028 2241,26 10628678746 Vicente
389 7484 1049,57 10629162719 Iara
247 4794 2025,05 10633605794 Ivan
161 6345 2992,65 10634102745 Luciana
170 4550 4803,97 10634287770 Manuel
365 1517 4624,52 10636126757 Roberta
248 2979 3588,38 10636241777 Eder
426 2219 4813,73 10637321740 Fatima
278 5975 4141,55 10637375750 Ademir
456 3321 146,24 10637442709 Alice
473 2702 4282,42 10640379761 Gerson
476 2776 1278,6 10641384700 Monica
466 1928 4693,91 10642684804 Sidnei
445 8560 1240,74 10642798729 Mara
265 4777 4959,85 10643045759 Rafael
395 4621 1424,83 10643945741 Raimunda
335 3546 2183,19 10644101709 Adao
347 2894 791,34 10644921773 Josefa
240 3705 795,56 10645139726 Julio
397 8270 907,5 10646092790 Marcela
408 2132 2294,76 10648819710 Milton
479 6875 4666,06 10649127706 Claudia
292 7521 4882,1 10649423771 Eduardo
238 5144 1383,19 10649542789 Andrea
362 6554 3357,08 10650524721 Rian
179 1303 3505,08 10652683789 Rosana
265 1508 3629,76 10653301707 Willian
419 5287 808,36 10654693730 Sandra
340 8643 939,51 10659378736 Silvio
379 2581 1174,38 10659972727 Marta
341 7761 3391,08 10660132761 Miguel
283 3936 1087,25 10661267717 Marinalva
174 5631 191,05 10661417700 Antonio
331 1266 4172,96 10664282717 Marinalva
417 6578 1578,35 10664332757 Geraldo
165 4279 700,92 10667115773 Margarida
263 7268 3460,92 10667225790 Rubens
184 6133 4134,42 10668468718 Regiane
149 6322 2563,81 10668737719 Tiago
161 8428 2797,07 10670354783 Katia
179 2028 1778,42 10671374753 Manuel
150 3752 1361,72 10671521721 Priscila
332 8365 1199,58 10672098830 Joel
223 1223 1833,99 10672374706 Josiane
